X=  [ 5 10 20 30 40]
Y=  [0.83426018 0.93902825 0.98097519 0.99082409 0.99483132]
Z=  [0.87069613 0.97260774 0.99349699 0.99818595 0.99872439]
Error Y=  [0.053642103258794045, 0.03137965622354149, 0.013572923644940999, 0.004191952750659666, 0.003341424410604119]
Error Z=  [0.08377877536846116, 0.023073953719157048, 0.00432681402782045, 0.0010538773510524481, 0.0010814207607440498]
